%YAML:1.0
---
camera_name: usb2_stereo
rotation_matrix:
   rows: 3
   cols: 3
   data: [ 9.9987763847009203e-01, 1.8423147511298340e-03,
       1.5534283499073962e-02, -2.0557819672589982e-03,
       9.9990353057806469e-01, 1.3736931899964867e-02,
       -1.5507477163450051e-02, -1.3767186127853038e-02,
       9.9978496824974628e-01 ]
translation_matrix:
   rows: 3
   cols: 1
   data: [ -5.7768112329643712e-02, 5.3418500979497598e-04,
       1.6203698474267444e-02 ]
essential_matrix:
   rows: 3
   cols: 3
   data: [ 2.5098217649737669e-05, -1.6255349954592276e-02,
       3.1236229292356502e-04, 1.5349181972451841e-02,
       -7.6761768389610875e-04, 5.8171519637151455e-02,
       -4.1653615540635392e-04, -5.7926950058048349e-02,
       -8.0412344025649241e-04 ]
fundamental_matrix:
   rows: 3
   cols: 3
   data: [ 1.9526269431016556e-06, -1.2593182083644244e-03,
       1.6620484575931785e-01, 1.1908151644782821e-03,
       -5.9301660687624639e-05, 7.5878780602341811e-01,
       -1.5877974686110238e-01, -7.7203826099386397e-01, 1. ]
