%YAML:1.0
---
camera_name: usb2_stereo_right
image_width: 320
image_height: 240
camera_matrix:
   rows: 3
   cols: 3
   data: [ 2.2155435332190586e+02, 0., 1.7048040733014264e+02, 0.,
       2.2217621441216102e+02, 1.2702820357148453e+02, 0., 0., 1. ]
distortion_coefficients:
   rows: 1
   cols: 5
   data: [ -4.4443019776586234e-01, 2.6363544436747993e-01,
       2.6300780368414284e-03, -9.2388788714883614e-04,
       -9.4963495356162997e-02 ]
distortion_model: plumb_bob
rectification_matrix:
   rows: 3
   cols: 3
   data: [ 9.6280187216072843e-01, -8.9030834965829562e-03,
       -2.7006164123779064e-01, 7.0734850888853054e-03,
       9.9994497162577489e-01, -7.7472271830361060e-03,
       2.7011575439521035e-01, 5.5487678435062323e-03,
       9.6281186656736073e-01 ]
projection_matrix:
   rows: 3
   cols: 4
   data: [ 2.6688646295087085e+02, 0., 3.0592815971374512e+02,
       -1.6013187777052252e+01, 0., 2.6688646295087085e+02,
       1.3446406555175781e+02, 0., 0., 0., 1., 0. ]
local_transform:
   rows: 3
   cols: 4
   data: [ 0., 0., 1., 0., -1., 0., 0., 0., 0., -1., 0., 0. ]
