%YAML:1.0
---
camera_name: usb2_stereo_left
image_width: 320
image_height: 240
camera_matrix:
   rows: 3
   cols: 3
   data: [ 2.1153578692966852e+02, 0., 1.7087681147935282e+02, 0.,
       2.1243256242128513e+02, 1.2816287712683521e+02, 0., 0., 1. ]
distortion_coefficients:
   rows: 1
   cols: 5
   data: [ -3.9781856701939433e-01, 1.6547847508952465e-01,
       1.4413736204567100e-03, 1.6686975969697931e-03,
       -2.5482186301559011e-02 ]
distortion_model: plumb_bob
rectification_matrix:
   rows: 3
   cols: 3
   data: [ 9.6689033978337513e-01, -3.4104516488556932e-03,
       -2.5516943322651381e-01, 5.1370906741303761e-03,
       9.9996819661691982e-01, 6.1004962184113797e-03,
       2.5514051252789166e-01, -7.2093393772180419e-03,
       9.6687710919886227e-01 ]
projection_matrix:
   rows: 3
   cols: 4
   data: [ 2.6688646295087085e+02, 0., 3.0592815971374512e+02, 0., 0.,
       2.6688646295087085e+02, 1.3446406555175781e+02, 0., 0., 0., 1.,
       0. ]
local_transform:
   rows: 3
   cols: 4
   data: [ 0., 0., 1., 0., -1., 0., 0., 0., 0., -1., 0., 0. ]
