%YAML:1.0
---
camera_name: usb3_right
image_width: 320
image_height: 240
camera_matrix:
   rows: 3
   cols: 3
   data: [ 2.1720179279805680e+02, 0., 1.6653951901377846e+02, 0.,
       2.1755872838959780e+02, 1.2805331654066589e+02, 0., 0., 1. ]
distortion_coefficients:
   rows: 1
   cols: 5
   data: [ -3.8839318016872493e-01, 1.6587981339654514e-01,
       1.0572174477627995e-03, 4.2593912872244477e-03,
       -3.4520783802736550e-02 ]
distortion_model: plumb_bob
rectification_matrix:
   rows: 3
   cols: 3
   data: [ 9.8280565210745219e-01, 7.6478130218788211e-04,
       -1.8464145064206372e-01, -1.4029864324476690e-03,
       9.9999348520991105e-01, -3.3258332498256101e-03,
       1.8463770420668743e-01, 3.5276971660137789e-03,
       9.8280032231272119e-01 ]
projection_matrix:
   rows: 3
   cols: 4
   data: [ 3.1655613543546883e+02, 0., 3.1056478118896484e+02,
       -1.8993368126128129e+01, 0., 3.1655613543546883e+02,
       6.0140829086303711e+01, 0., 0., 0., 1., 0. ]
local_transform:
   rows: 3
   cols: 4
   data: [ 0., 0., 1., 0., -1., 0., 0., 0., 0., -1., 0., 0. ]
