%YAML:1.0
---
camera_name: usb3
rotation_matrix:
   rows: 3
   cols: 3
   data: [ 9.9930306603025776e-01, 1.9370036349486658e-03,
       3.7277744559516934e-02, -2.2026221092766476e-03,
       9.9997247069455608e-01, 7.0856410344388530e-03,
       -3.7262993416661047e-02, -7.1628115948553089e-03,
       9.9927982239795399e-01 ]
translation_matrix:
   rows: 3
   cols: 1
   data: [ -5.8968339126447097e-02, -4.5886878131272952e-05,
       1.1078487038523852e-02 ]
essential_matrix:
   rows: 3
   cols: 3
   data: [ 2.5382017079285010e-05, -1.0768326417858257e-02,
       -1.2087748679275726e-04, 8.6254962191955054e-03,
       -3.8971790311262763e-04, 5.7680862061577146e-02,
       1.7082950750364376e-04, -5.7319036865080990e-02,
       -4.0449114851504790e-04 ]
fundamental_matrix:
   rows: 3
   cols: 3
   data: [ -5.5722107073414180e-07, 2.3501114547405975e-04,
       -2.9285772202854426e-02, -1.8904812810839145e-04,
       8.4913647894551521e-06, -2.3578473001736031e-01,
       2.3486470466626903e-02, 2.3148207938901699e-01, 1. ]
