%YAML:1.0
---
camera_name: usb3_left
image_width: 320
image_height: 240
camera_matrix:
   rows: 3
   cols: 3
   data: [ 2.1138001096951606e+02, 0., 1.7205339361615898e+02, 0.,
       2.1263025841511129e+02, 1.2740917708570895e+02, 0., 0., 1. ]
distortion_coefficients:
   rows: 1
   cols: 5
   data: [ -3.8977699364678686e-01, 1.6178035204971630e-01,
       1.7131685866848124e-03, 9.1277494590878575e-04,
       -3.1121758396701379e-02 ]
distortion_model: plumb_bob
rectification_matrix:
   rows: 3
   cols: 3
   data: [ 9.8899931009835629e-01, 3.9910102924196281e-03,
       -1.4786627898821728e-01, -3.4806859007064021e-03,
       9.9998706081095978e-01, 3.7098566439140125e-03,
       1.4787917179453003e-01, -3.1543695889305516e-03,
       9.8900040470257655e-01 ]
projection_matrix:
   rows: 3
   cols: 4
   data: [ 3.1655613543546883e+02, 0., 3.1056478118896484e+02, 0., 0.,
       3.1655613543546883e+02, 6.0140829086303711e+01, 0., 0., 0., 1.,
       0. ]
local_transform:
   rows: 3
   cols: 4
   data: [ 0., 0., 1., 0., -1., 0., 0., 0., 0., -1., 0., 0. ]
